const IR24_OLD_BRIGHTER  = "0000 006D 0022 0000 015B 00AE 0014 0018 0014 0016 0016 0016 0014 0018 0014 0016 0014 0018 0016 0014 0016 0016 0016 0041 0014 0043 0014 0041 0016 003F 0016 0016 0016 0041 0014 0041 0016 0041 0014 0018 0014 0016 0016 0016 0014 0018 0014 0018 0014 0016 0016 0016 0014 0016 0014 0043 0014 0043 0014 0041 0016 0041 0014 0043 0014 0041 0016 0041 0014 0043 0014 06C3";
const IR24_OLD_DARKER    = "0000 006D 0022 0000 015B 00AE 0016 0016 0014 0016 0014 0018 0014 0018 0014 0018 0012 0018 0014 0018 0014 0016 0014 0041 0016 0041 0014 0043 0014 0043 0014 0016 0014 0043 0014 0041 0016 0041 0016 0041 0014 0018 0014 0016 0014 0018 0012 0018 0016 0016 0014 001A 0012 0016 0014 0018 0014 0043 0014 0041 0016 003F 0016 0041 0016 0041 0016 0041 0014 0043 0014 06C3";
const IR24_OLD_OFF       = "0000 006D 0022 0000 015B 00AC 0018 0014 0016 0016 0016 0014 0018 0014 0016 0016 0016 0014 0016 0016 0016 0014 0018 003F 0016 0041 0016 003F 0018 003F 0016 0016 0016 003F 0018 003F 0016 0041 0016 0014 0016 0041 0016 0016 0016 0014 0016 0016 0016 0014 0018 0014 0016 0016 0016 003F 0016 0016 0016 0041 0016 003F 0016 0041 0016 003F 0018 003F 0016 0041 0016 06C3";
const IR24_OLD_ON        = "0000 006D 0022 0000 015B 00AC 0018 0014 0016 0016 0016 0014 0016 0016 0016 0016 0016 0014 0016 0016 0016 0014 0016 0041 0016 0041 0016 003F 0016 0041 0016 0014 0018 003F 0016 0041 0016 003F 0018 003F 0016 0041 0016 0014 0018 0014 0016 0016 0016 0014 0016 0016 0016 0014 0018 0014 0016 0016 0016 003F 0016 0041 0016 003F 0018 003F 0016 0041 0016 003F 0018 06C3";
const IR24_OLD_RED       = "0000 006D 0024 0000 015B 00AC 0016 0018 0012 0018 0014 0018 0008 0003 0007 001A 0014 0016 0014 0018 0014 0016 0014 0018 0014 0043 0012 0043 0014 0043 0005 0009 0008 003F 0014 0018 0014 0043 0014 0041 0014 0043 0014 0018 0014 0016 0016 003F 0016 0016 0016 0016 0014 0018 0014 0016 0016 0018 0012 0041 0016 0041 0016 0016 0014 0041 0016 0041 0014 0043 0014 0041 0014 0043 0014 06C3";
const IR24_OLD_GREEN     = "0000 006D 0023 0000 015B 00B0 0012 0018 0014 0016 0016 0016 0014 0016 0014 0018 0014 0018 0014 0016 0014 0016 0016 0041 0016 0041 0016 003F 0016 0043 0014 0016 0014 0043 0014 0041 0014 0043 0016 0041 0003 0005 000C 0016 0014 0043 0014 0018 0014 0016 0014 0018 0014 0016 0014 0018 0016 0016 0014 0041 0016 0016 0014 0043 0012 0043 0016 0041 0014 0041 0016 0041 0016 06C3";
const IR24_OLD_BLUE      = "0000 006D 0023 0000 015D 00AC 0016 0016 0014 0018 0014 0016 0014 0018 0014 0016 0014 0018 0014 0016 0016 0016 0016 0041 0007 0005 0007 0046 0010 0043 0016 003F 0016 0018 0012 0043 0014 0043 0014 0041 0016 0014 0016 0043 0014 0041 0016 0016 0014 0016 0014 0018 0014 0016 0016 0016 0016 0041 0014 0018 0014 0016 0014 0041 0016 0041 0016 0041 0014 0043 0014 0041 0014 06C3";
const IR24_OLD_REDDISH   = "0000 006D 0022 0000 015B 00AC 0016 0016 0016 0016 0016 0014 0016 0016 0016 0016 0016 0014 0016 0016 0016 0014 0016 0041 0016 0041 0016 003F 0016 0041 0014 0018 0016 003F 0016 0041 0016 0041 0014 0016 0016 0016 0014 0016 0016 0041 0016 0016 0016 0014 0016 0016 0014 0016 0018 003F 0016 0041 0016 003F 0016 0016 0016 0041 0016 003F 0016 0041 0016 0041 0016 06C3";
const IR24_OLD_ORANGE    = "0000 006D 0022 0000 015D 00AC 0016 0014 0018 0014 0016 0014 0018 0014 0018 0014 0016 0014 0018 0014 0016 0016 0016 003F 0018 003F 0016 003F 0018 003F 0018 0014 0016 003F 0018 003F 0018 003F 0016 0014 0018 0014 0016 003F 0018 003F 0018 0014 0016 0014 0018 0014 0018 0014 0016 003F 0018 003F 0016 0016 0016 0014 0018 003F 0016 003F 0018 003F 0018 003F 0016 06C3";
const IR24_OLD_YELLOWISH = "0000 006D 0022 0000 015D 00AA 0018 0014 0018 0014 0016 0014 0018 0014 0016 0016 0016 0016 0016 0014 0016 0014 0018 003F 0018 003F 0016 003F 0018 003F 0016 0016 0016 003F 0018 003F 0016 003F 0018 0014 0018 0014 0016 0014 0018 0014 0018 003F 0016 0016 0016 0014 0016 0016 0016 003F 0018 003F 0016 003F 0018 003F 0018 0014 0016 0041 0016 003F 0016 0041 0016 06C3";
const IR24_OLD_YELLOW    = "0000 006D 0022 0000 015D 00AC 0016 0014 0018 0014 0018 0014 0016 0014 0018 0014 0016 0014 0018 0014 0016 0016 0016 003F 0018 003F 0018 003F 0016 003F 0018 0014 0016 0041 0016 003F 0018 003F 0016 0014 0018 0016 0016 003F 0016 0014 001A 003D 0018 0014 0016 0014 0018 0014 0016 003F 0018 003F 0018 0014 0016 003F 0018 0014 0018 003F 0016 003F 0018 003F 0016 06C3";
const IR24_OLD_GREENISH  = "0000 006D 0022 0000 015B 00AE 0014 0018 0014 0016 0014 0018 0014 0016 0016 0016 0014 0016 0016 0016 0016 0014 0016 0041 0016 0041 0016 003F 0016 0041 0014 0018 0016 0041 0014 0041 0014 0043 0014 0043 0014 0016 0014 0018 0014 0041 0016 0016 0016 0016 0014 0016 0014 0018 0014 0018 0014 0041 0016 0041 0014 0018 0014 0041 0016 0041 0014 0041 0014 0043 0014 06C3";
const IR24_OLD_TURQUOISE = "0000 006D 0022 0000 015B 00AC 0016 0016 0014 0018 0014 0016 0014 0018 0014 0018 0014 0016 0016 0016 0014 0018 0012 0044 0014 0041 0014 0041 0014 0043 0014 0018 0014 0041 0016 0041 0014 0043 0014 0041 0016 0016 0014 0041 0016 0041 0016 0016 0014 0016 0016 0016 0016 0016 0014 001A 0010 0043 0014 0018 0014 0016 0016 0041 0014 0041 0016 0043 0014 0041 0014 06C3";
const IR24_OLD_CYAN      = "0000 006D 0023 0000 015B 00AE 0016 0016 0016 0018 0012 0018 0014 0016 0014 001A 0012 0018 0014 0016 0016 0016 0014 0043 0014 0041 0014 0041 0016 0043 0014 0016 0008 0003 0007 0046 0014 0041 0014 0041 0014 0041 0016 0018 0014 0016 0014 0018 0014 0041 0016 0016 0014 0018 0014 0016 0014 0018 0014 0041 0016 0041 0014 0041 0016 0018 0014 0041 0016 0041 0014 0043 0014 06C3";
const IR24_OLD_AQUA      = "0000 006D 0022 0000 0159 00B0 0012 001A 0012 0018 0014 0016 0016 0016 0014 0018 0012 0018 0016 0016 0014 0016 0016 0041 0014 0043 0014 0041 0016 0041 0014 0018 0014 0043 0014 0041 0014 0043 0014 0041 0014 0018 0014 0041 0016 0016 0014 0043 0014 0018 0014 0016 0014 0018 0014 0018 0014 0041 0014 0016 0016 0041 0014 0018 0014 0041 0014 0044 0012 0043 0014 06C3";
const IR24_OLD_DEEPBLUE  = "0000 006D 0022 0000 015D 00AC 0016 0016 0016 0014 0016 0018 0014 0016 0016 0014 0016 0016 0016 0014 0016 0016 0016 0041 0014 0041 0016 0041 0016 0041 0016 0016 0014 0043 0014 0041 0014 0043 0014 0016 0014 0043 0016 0014 0016 0041 0014 0016 0016 0016 0016 0016 0014 0016 0016 0041 0014 0018 0014 0041 0016 0016 0014 0043 0014 0043 0014 0041 0014 0041 0016 06C3";
const IR24_OLD_PURPLE    = "0000 006D 0022 0000 015B 00AE 0014 0016 0016 0018 0014 0016 0014 0016 0016 0016 0014 0018 0014 0018 0014 0016 0014 0043 0014 0043 0014 0041 0014 0041 0016 0018 0014 0041 0014 0043 0016 003F 0016 0016 0014 0041 0016 0043 0014 0041 0014 0018 0014 0018 0014 0016 0014 001A 0014 0041 0014 0016 0014 0018 0016 0014 0016 0041 0014 0043 0014 0043 0014 0041 0016 06C3";
const IR24_OLD_MAGENTA   = "0000 006D 0022 0000 015B 00AE 0016 0016 0016 0016 0014 0016 0014 0016 0016 0016 0016 0016 0014 0018 0014 0016 0016 0041 0016 0041 0014 0041 0014 0043 0016 0016 0014 0041 0016 0041 0016 0041 0014 0016 0016 0041 0014 0016 0016 0016 0014 0043 0014 0016 0014 0018 0016 0016 0014 0041 0014 0016 0016 0043 0014 0041 0014 0018 0014 0041 0016 0041 0014 0043 0014 06C3";
const IR24_OLD_PINK      = "0000 006D 0022 0000 015B 00AE 0014 0018 0014 0016 0016 0016 0014 0016 0014 0018 0014 0018 0014 0016 0014 0016 0016 0041 0014 0043 0016 0041 0014 0041 0016 0016 0016 0041 0014 0041 0016 0041 0016 0014 0016 0041 0016 003F 0016 0016 0016 0041 0016 0014 0016 0016 0014 0016 0018 003F 0016 0016 0014 0016 0016 0041 0016 0016 0016 003F 0016 0041 0014 0043 0014 06C3";
const IR24_OLD_WHITE     = "0000 006D 0029 0000 015B 00AC 0008 0005 0007 001A 0014 0018 0012 0018 0014 0016 0008 0003 0007 001E 0010 0018 0014 0018 0014 0016 0014 0043 0014 0043 0007 0005 0007 0043 0014 0041 0008 0003 0008 0018 0014 0043 0014 0041 0016 003F 0008 0003 0007 0046 0014 0041 0014 0043 0014 0016 0014 0018 0014 0018 0005 0009 0007 0018 0012 0018 0007 0005 0007 001A 0014 0016 0016 0016 0014 0041 0016 0041 0014 0043 0014 0043 0014 0041 0014 06C3";
const IR24_OLD_FLASH     = "0000 006D 0027 0000 0159 00AE 0014 001A 0012 0018 0014 0016 0016 0016 0014 0018 0012 0018 0014 0018 0014 0016 0008 0005 0007 0046 0010 0043 0014 0043 0014 0043 0012 0018 0007 0005 0005 0046 0014 0041 0014 0041 0016 0041 0014 0043 0014 0016 0014 0043 0014 0016 0016 0018 0012 0018 0014 0016 0016 0016 0014 0018 0010 0048 0007 0005 0005 001A 0005 0052 0012 0041 0008 0005 0005 0044 0014 0043 0007 0005 0007 06C3";
const IR24_OLD_STROBE    = "0000 006D 0023 0000 0008 0003 014F 00AE 0014 0016 0016 0016 0016 0014 0016 0016 0016 0016 0014 0016 0014 0018 0016 0016 0014 0041 0016 0043 0012 0043 0014 0043 0012 0018 0014 0043 0012 0043 0016 0041 0014 0041 0014 0044 0012 0043 0014 0041 0014 0018 0016 0016 0014 0016 0016 0016 0014 0016 0016 0016 0016 0014 0014 0018 0016 0041 0014 0043 0014 0041 0016 003F 0016 06C3";
const IR24_OLD_FADE      = "0000 006D 0023 0000 015B 00AC 0016 0018 0012 0018 0018 0014 0014 0016 0016 0016 0014 0016 0014 0018 0016 0016 0014 0041 0016 0043 0012 0041 0016 0041 0016 0014 0016 0041 0016 0041 0016 003F 0016 0041 0014 0043 0014 0018 0014 0018 0012 0043 0014 0016 0016 0016 0014 0018 0014 0016 0008 0003 0007 001A 0014 0041 0016 0041 0014 0018 0014 0043 0014 0041 0016 0041 0014 06C3";
const IR24_OLD_SMOOTH    = "0000 006D 0022 0000 015D 00AC 0014 0016 0016 0016 0016 0016 0014 0018 0014 0016 0014 0018 0014 0016 0016 0016 0016 003F 0016 0041 0014 0043 0014 0041 0016 0016 0014 0041 0016 0041 0016 0041 0014 0041 0014 0043 0016 0041 0014 0016 0016 0041 0014 0016 0016 0018 0014 0016 0014 0018 0014 0018 0014 0014 0016 0043 0014 0016 0016 003F 0016 0043 0012 0043 0014 06C3";
